run total_ms prep_ms delivered node_procs bash_procs
1 10864 6358 yes 32 71
2 9701 7506 yes 32 64
3 13422 9112 yes 32 66
4 9190 8021 yes 32 62
5 9129 5384 yes 32 56
6 6576 3991 yes 32 62
7 11142 9488 yes 32 67
8 5618 4987 yes 32 60
9 8256 5704 yes 32 60
10 7523 6561 yes 32 59
11 6532 3934 yes 32 59
12 5078 3886 yes 32 59
13 8129 6250 yes 32 58
14 6638 4782 yes 29 58
15 8231 4291 yes 29 54
16 6906 3294 yes 32 58
17 5982 3182 yes 29 56
18 6737 4858 yes 29 58
19 7365 6761 yes 29 55
20 7690 3566 yes 29 55
