run total_ms prep_ms delivered node_procs bash_procs
1 4813 2344 yes 32 58
2 4047 3481 yes 32 60
3 3007 2829 yes 32 58
4 5788 2373 yes 32 61
5 5054 1436 yes 32 58
6 3457 2830 yes 32 53
7 3030 2098 yes 32 57
8 2583 2075 yes 32 57
9 3852 1527 yes 32 62
10 3189 2598 yes 32 63
11 4313 3735 yes 32 62
12 3980 1186 yes 32 59
13 3637 3051 yes 32 62
14 5080 1957 yes 32 60
15 2224 1675 yes 32 59
16 5392 3173 yes 32 61
17 3945 1742 yes 32 62
18 3239 3027 yes 32 62
19 4556 3485 yes 32 60
20 3303 2072 yes 32 57
